Model_name : benhvien
Startprob matrix:
1.0 0.0 0.0 0.0 0.0 0.0 0.0 0.0 0.0 0.0 0.0 0.0 0.0 0.0 0.0 0.0 0.0 0.0 0.0 0.0 0.0 0.0 0.0 0.0
Transition Matrix
[0.82077076 0.17922924 0.         0.         0.         0.
 0.         0.         0.         0.         0.         0.
 0.         0.         0.         0.         0.         0.
 0.         0.         0.         0.         0.         0.        ] [0.         0.67629533 0.32370467 0.         0.         0.
 0.         0.         0.         0.         0.         0.
 0.         0.         0.         0.         0.         0.
 0.         0.         0.         0.         0.         0.        ] [0.         0.         0.72941181 0.27058819 0.         0.
 0.         0.         0.         0.         0.         0.
 0.         0.         0.         0.         0.         0.
 0.         0.         0.         0.         0.         0.        ] [0.         0.         0.         0.34782747 0.65217253 0.
 0.         0.         0.         0.         0.         0.
 0.         0.         0.         0.         0.         0.
 0.         0.         0.         0.         0.         0.        ] [0.         0.         0.         0.         0.46399876 0.53600124
 0.         0.         0.         0.         0.         0.
 0.         0.         0.         0.         0.         0.
 0.         0.         0.         0.         0.         0.        ] [0.         0.         0.         0.         0.         0.29079511
 0.70920489 0.         0.         0.         0.         0.
 0.         0.         0.         0.         0.         0.
 0.         0.         0.         0.         0.         0.        ] [0.         0.         0.         0.         0.         0.
 0.82112241 0.17887759 0.         0.         0.         0.
 0.         0.         0.         0.         0.         0.
 0.         0.         0.         0.         0.         0.        ] [0.         0.         0.         0.         0.         0.
 0.         0.37752638 0.62247362 0.         0.         0.
 0.         0.         0.         0.         0.         0.
 0.         0.         0.         0.         0.         0.        ] [0.        0.        0.        0.        0.        0.        0.
 0.        0.8072361 0.1927639 0.        0.        0.        0.
 0.        0.        0.        0.        0.        0.        0.
 0.        0.        0.       ] [0.         0.         0.         0.         0.         0.
 0.         0.         0.         0.77117352 0.22882648 0.
 0.         0.         0.         0.         0.         0.
 0.         0.         0.         0.         0.         0.        ] [0.         0.         0.         0.         0.         0.
 0.         0.         0.         0.         0.50738888 0.49261112
 0.         0.         0.         0.         0.         0.
 0.         0.         0.         0.         0.         0.        ] [0.         0.         0.         0.         0.         0.
 0.         0.         0.         0.         0.         0.39643732
 0.60356268 0.         0.         0.         0.         0.
 0.         0.         0.         0.         0.         0.        ] [0.         0.         0.         0.         0.         0.
 0.         0.         0.         0.         0.         0.
 0.68183952 0.31816048 0.         0.         0.         0.
 0.         0.         0.         0.         0.         0.        ] [0.        0.        0.        0.        0.        0.        0.
 0.        0.        0.        0.        0.        0.        0.7048547
 0.2951453 0.        0.        0.        0.        0.        0.
 0.        0.        0.       ] [0.         0.         0.         0.         0.         0.
 0.         0.         0.         0.         0.         0.
 0.         0.         0.66501608 0.33498392 0.         0.
 0.         0.         0.         0.         0.         0.        ] [0.         0.         0.         0.         0.         0.
 0.         0.         0.         0.         0.         0.
 0.         0.         0.         0.88359343 0.11640657 0.
 0.         0.         0.         0.         0.         0.        ] [0.         0.         0.         0.         0.         0.
 0.         0.         0.         0.         0.         0.
 0.         0.         0.         0.         0.93525507 0.06474493
 0.         0.         0.         0.         0.         0.        ] [0.         0.         0.         0.         0.         0.
 0.         0.         0.         0.         0.         0.
 0.         0.         0.         0.         0.         0.81573626
 0.18426374 0.         0.         0.         0.         0.        ] [0.         0.         0.         0.         0.         0.
 0.         0.         0.         0.         0.         0.
 0.         0.         0.         0.         0.         0.
 0.88113301 0.11886699 0.         0.         0.         0.        ] [0.         0.         0.         0.         0.         0.
 0.         0.         0.         0.         0.         0.
 0.         0.         0.         0.         0.         0.
 0.         0.72130958 0.27869042 0.         0.         0.        ] [0.         0.         0.         0.         0.         0.
 0.         0.         0.         0.         0.         0.
 0.         0.         0.         0.         0.         0.
 0.         0.         0.93679662 0.06320338 0.         0.        ] [0.         0.         0.         0.         0.         0.
 0.         0.         0.         0.         0.         0.
 0.         0.         0.         0.         0.         0.
 0.         0.         0.         0.95324959 0.04675041 0.        ] [0.         0.         0.         0.         0.         0.
 0.         0.         0.         0.         0.         0.
 0.         0.         0.         0.         0.         0.
 0.         0.         0.         0.         0.96648368 0.03351632] [0. 0. 0. 0. 0. 0. 0. 0. 0. 0. 0. 0. 0. 0. 0. 0. 0. 0. 0. 0. 0. 0. 0. 1.]
EmissionProb Matrix
[9.37021653e-004 6.46603582e-003 0.00000000e+000 4.76850288e-002
 4.26633995e-001 9.52534166e-003 9.04694135e-003 3.58875475e-202
 3.50084156e-002 4.71224163e-003 0.00000000e+000 3.64558131e-002
 1.29578883e-002 1.12400492e-002 2.35512540e-003 0.00000000e+000
 1.06019322e-002 1.56638581e-002 3.69709898e-002 1.74441105e-001
 0.00000000e+000 7.85010989e-004 0.00000000e+000 0.00000000e+000
 7.85010989e-004 7.09050674e-002 3.29688883e-002 1.72989369e-002
 2.60846579e-002 1.04706442e-002] [2.65893095e-003 1.93796128e-003 0.00000000e+000 5.45454857e-002
 8.53991614e-002 1.39226354e-002 7.17136458e-003 1.45859841e-003
 1.81070534e-057 1.48847256e-003 0.00000000e+000 3.46342285e-001
 3.04853741e-002 1.23031204e-001 2.60119133e-246 0.00000000e+000
 2.37050332e-002 1.11261036e-085 2.44867047e-003 6.04347056e-002
 0.00000000e+000 0.00000000e+000 0.00000000e+000 0.00000000e+000
 0.00000000e+000 2.74532776e-112 8.89988881e-077 5.70397484e-002
 1.56183608e-001 3.17467616e-002] [5.60001255e-003 3.43428167e-003 9.17990237e-164 2.19222728e-002
 2.29168176e-002 5.49724711e-002 1.72458481e-001 1.23396176e-003
 1.53207983e-002 7.45385872e-003 0.00000000e+000 4.98300470e-002
 1.37215747e-002 8.28525794e-087 2.08975159e-003 0.00000000e+000
 1.18457675e-001 2.27962556e-224 2.90313003e-003 1.17036767e-001
 3.65251419e-060 0.00000000e+000 0.00000000e+000 0.00000000e+000
 1.94655170e-056 4.84286040e-042 4.08980690e-272 3.73862459e-001
 1.24526618e-002 4.33297842e-003] [3.77523333e-03 1.37020909e-02 5.23106184e-02 3.31299902e-32
 3.72892616e-07 2.17140081e-01 3.39008122e-02 4.38001307e-03
 2.19809128e-01 1.42303613e-01 1.16245819e-02 5.20272349e-03
 3.31633865e-68 0.00000000e+00 6.56601323e-03 0.00000000e+00
 5.73329963e-06 6.14696807e-14 1.57318504e-02 5.74468148e-02
 1.10433528e-01 0.00000000e+00 8.71843636e-03 0.00000000e+00
 1.66202100e-02 2.40795132e-02 0.00000000e+00 5.62364158e-02
 7.31739833e-64 1.22166602e-05] [3.50217886e-039 9.28085637e-072 3.26937493e-059 5.42388999e-072
 8.36952207e-003 2.35532394e-002 2.36583181e-002 1.05149242e-001
 3.09116158e-001 3.10515504e-001 0.00000000e+000 7.83635522e-132
 4.98301390e-129 0.00000000e+000 4.23026794e-002 0.00000000e+000
 1.48506573e-002 8.59531728e-002 7.46525314e-003 6.44462844e-003
 5.58566336e-037 0.00000000e+000 3.62304430e-011 0.00000000e+000
 3.02689279e-003 2.24748700e-002 0.00000000e+000 3.71198630e-002
 0.00000000e+000 1.61949712e-114] [0.00000000e+000 0.00000000e+000 0.00000000e+000 3.24261955e-003
 3.77752525e-003 3.40271359e-041 1.35952386e-002 1.74514039e-002
 2.80488928e-001 2.46182962e-020 0.00000000e+000 3.95252517e-323
 8.72865177e-116 3.79393497e-056 1.17440028e-002 0.00000000e+000
 2.39133447e-002 4.07061241e-001 2.11784324e-002 6.14394782e-002
 0.00000000e+000 0.00000000e+000 0.00000000e+000 0.00000000e+000
 1.13859190e-205 9.14899390e-002 0.00000000e+000 6.46178469e-002
 0.00000000e+000 4.11535330e-080] [7.54613611e-002 3.09327214e-118 0.00000000e+000 1.21302739e-016
 3.60293359e-003 6.46459468e-153 1.54425176e-002 1.54315879e-086
 2.17953073e-002 6.27086755e-150 0.00000000e+000 0.00000000e+000
 8.21998804e-004 4.30586067e-002 5.06459095e-004 0.00000000e+000
 6.51877258e-001 2.95375686e-002 6.05913771e-003 2.06227106e-002
 0.00000000e+000 0.00000000e+000 0.00000000e+000 0.00000000e+000
 0.00000000e+000 1.04740399e-001 2.34564283e-159 2.64737423e-002
 2.00514207e-151 6.47805986e-025] [3.11318599e-003 5.67968252e-003 0.00000000e+000 5.58895270e-002
 6.79462803e-002 0.00000000e+000 5.83354095e-003 3.13257342e-100
 2.17790045e-053 0.00000000e+000 0.00000000e+000 2.52858436e-038
 8.49110539e-069 5.45692930e-003 2.08983738e-079 0.00000000e+000
 7.54585948e-003 1.08431788e-003 2.06448687e-002 2.21345873e-001
 0.00000000e+000 0.00000000e+000 0.00000000e+000 0.00000000e+000
 0.00000000e+000 4.98858905e-001 2.84056177e-003 8.63699040e-002
 2.17273274e-003 1.52178308e-002] [5.35223054e-180 5.23719358e-021 0.00000000e+000 2.09932742e-001
 5.70928542e-001 0.00000000e+000 2.54728406e-003 0.00000000e+000
 6.48730021e-312 0.00000000e+000 0.00000000e+000 1.40184190e-002
 3.31203696e-003 1.86933431e-003 0.00000000e+000 0.00000000e+000
 2.00639312e-003 8.57215021e-099 2.54540894e-083 1.44878677e-001
 0.00000000e+000 0.00000000e+000 0.00000000e+000 0.00000000e+000
 0.00000000e+000 7.03864504e-003 2.46920631e-054 2.19876999e-002
 6.53838588e-003 1.49418406e-002] [1.08419552e-003 5.86639081e-040 0.00000000e+000 5.22688089e-002
 1.15800163e-001 3.48788458e-112 4.11614603e-002 0.00000000e+000
 1.89381703e-060 4.57094107e-163 0.00000000e+000 4.37446525e-001
 3.91878276e-032 8.67463852e-025 1.10227749e-170 0.00000000e+000
 6.27504907e-003 3.61360984e-268 1.09937514e-063 1.27067084e-002
 4.57187440e-181 0.00000000e+000 0.00000000e+000 0.00000000e+000
 1.29638125e-237 4.52788567e-003 1.14247587e-003 9.68375386e-002
 1.13136387e-001 1.17612803e-001] [2.03584455e-210 1.20489473e-001 9.39576746e-003 1.16493800e-001
 3.22629691e-001 3.05025644e-002 1.57468701e-002 0.00000000e+000
 1.90439167e-002 3.85950833e-018 3.79222802e-002 3.05564351e-002
 2.37236542e-002 7.64832696e-111 2.60454838e-002 3.96501199e-061
 2.26368005e-002 2.03501813e-003 6.01828592e-002 1.23662412e-001
 8.71095485e-003 4.18781830e-038 0.00000000e+000 0.00000000e+000
 3.09177928e-003 8.32540647e-003 3.12321300e-003 9.40127272e-004
 4.07340917e-003 1.06680851e-002] [2.92309648e-003 9.26797413e-003 4.52835456e-002 1.18383674e-032
 6.73335804e-003 1.87367641e-004 1.45029781e-002 1.16561492e-137
 9.49092922e-002 3.27900993e-002 1.09779580e-024 6.85861556e-100
 4.01915810e-003 3.98127577e-003 5.92202793e-024 3.45279326e-002
 1.47736701e-002 2.37069437e-002 1.69577089e-002 8.90011820e-002
 3.40120555e-002 2.64236088e-002 3.01397960e-079 0.00000000e+000
 1.04490654e-002 5.23988903e-001 1.15607849e-002 3.67811533e-075
 4.73579644e-215 3.04896442e-030] [1.42190825e-002 1.74688980e-186 8.51908763e-002 1.89097006e-003
 1.66177770e-034 9.93832921e-003 3.47214345e-117 2.09192835e-041
 3.24353173e-002 2.21881595e-002 0.00000000e+000 6.32367610e-003
 2.14608273e-141 4.75151281e-001 1.65438983e-003 3.78767146e-004
 6.18313556e-003 1.97560818e-001 7.56343367e-003 1.95223472e-003
 1.02236417e-002 1.30790397e-037 6.01138568e-003 0.00000000e+000
 9.72436092e-003 1.03897884e-001 5.92231408e-003 1.58994223e-003
 0.00000000e+000 2.70039904e-176] [2.43091580e-027 0.00000000e+000 4.04980816e-003 1.05198845e-159
 2.78303270e-003 1.89123891e-082 0.00000000e+000 2.73152549e-001
 2.21452439e-002 1.32718113e-002 2.94947600e-003 0.00000000e+000
 7.68089523e-260 1.44145737e-135 3.00068474e-002 2.86051620e-190
 1.35710609e-002 4.63756844e-001 1.63323998e-002 1.21294523e-010
 3.13177753e-002 0.00000000e+000 7.34842302e-002 0.00000000e+000
 2.40850176e-018 5.31789211e-002 7.55578084e-025 1.58368533e-135
 0.00000000e+000 1.48219694e-323] [0.00000000e+000 2.23765351e-263 0.00000000e+000 5.38497830e-003
 5.95089645e-003 1.47217551e-002 0.00000000e+000 4.96483513e-003
 2.79616110e-001 1.33854484e-001 1.92413812e-019 1.11666784e-178
 1.83056313e-304 1.75715915e-294 4.46270019e-003 0.00000000e+000
 2.24571139e-003 3.88924904e-002 1.30520213e-002 3.17694558e-002
 3.07737994e-005 0.00000000e+000 2.09308709e-002 0.00000000e+000
 1.69116985e-003 4.30158990e-001 3.29740027e-023 1.22727571e-002
 6.09640867e-116 1.91735562e-131] [0.00000000e+000 2.31975551e-003 0.00000000e+000 3.81027244e-002
 6.42057517e-001 2.51731484e-003 2.56894276e-137 2.38986631e-003
 2.98348443e-002 1.19782110e-003 0.00000000e+000 3.42437515e-002
 6.62698412e-003 3.48733572e-253 2.57684704e-037 0.00000000e+000
 1.54638311e-007 1.47239414e-003 1.86659091e-041 1.33179448e-001
 9.54263200e-003 2.69518600e-161 4.94789027e-020 0.00000000e+000
 0.00000000e+000 3.35883978e-002 8.03571043e-003 4.82290232e-003
 2.44986759e-002 2.55691056e-002] [0.00000000e+000 8.62272365e-003 2.38039177e-231 1.96123632e-003
 3.24177670e-002 5.25181663e-003 1.78672830e-001 3.38323679e-015
 1.08709671e-002 9.88287544e-004 8.26984697e-141 8.64229453e-002
 2.35665822e-002 9.32051402e-002 5.97170645e-003 0.00000000e+000
 4.33858964e-002 5.56420447e-045 2.07972071e-058 2.16611024e-003
 2.19298782e-002 6.54029729e-003 0.00000000e+000 0.00000000e+000
 0.00000000e+000 5.42014141e-004 1.20709035e-016 1.16681624e-001
 3.15107125e-001 4.56950517e-002] [0.00000000e+000 3.56132025e-019 3.14921404e-001 0.00000000e+000
 1.60033481e-100 2.97512374e-002 1.90784144e-155 2.18522146e-002
 4.00464450e-002 2.38423900e-002 6.20002017e-002 3.53756925e-064
 6.11388842e-091 1.31080638e-129 5.87520421e-002 4.41631977e-108
 2.71788461e-123 9.97489863e-018 9.27015135e-022 1.12029761e-002
 3.15332411e-001 5.80111918e-080 1.01403206e-001 0.00000000e+000
 0.00000000e+000 2.08954732e-002 2.72155971e-081 6.89370930e-165
 1.52155266e-132 5.65203270e-182] [0.00000000e+00 8.03725047e-78 1.20389861e-71 0.00000000e+00
 0.00000000e+00 3.34865336e-02 0.00000000e+00 1.07811581e-01
 1.08478464e-01 5.90417594e-02 0.00000000e+00 0.00000000e+00
 0.00000000e+00 0.00000000e+00 4.85917486e-01 7.71432874e-03
 0.00000000e+00 2.33608512e-02 1.30088705e-01 2.67914021e-02
 1.73088890e-02 0.00000000e+00 2.98102222e-70 0.00000000e+00
 2.06336040e-43 2.25020309e-66 1.10282726e-59 0.00000000e+00
 0.00000000e+00 0.00000000e+00] [0.00000000e+00 0.00000000e+00 1.17928576e-02 0.00000000e+00
 0.00000000e+00 0.00000000e+00 0.00000000e+00 3.67654931e-01
 8.86413581e-88 0.00000000e+00 0.00000000e+00 0.00000000e+00
 0.00000000e+00 0.00000000e+00 1.36936123e-02 8.40124278e-03
 0.00000000e+00 6.82732436e-32 2.68393837e-51 0.00000000e+00
 2.11878161e-01 0.00000000e+00 1.68299706e-73 0.00000000e+00
 6.44270658e-02 0.00000000e+00 3.22152129e-01 0.00000000e+00
 0.00000000e+00 0.00000000e+00] [0.00000000e+00 0.00000000e+00 6.70254754e-02 0.00000000e+00
 0.00000000e+00 0.00000000e+00 0.00000000e+00 2.79811701e-02
 0.00000000e+00 0.00000000e+00 2.10674362e-03 0.00000000e+00
 0.00000000e+00 0.00000000e+00 1.07098538e-95 2.24241657e-03
 0.00000000e+00 6.32023312e-03 0.00000000e+00 0.00000000e+00
 6.88991726e-02 0.00000000e+00 8.25424773e-01 0.00000000e+00
 4.31764522e-98 0.00000000e+00 1.53921887e-08 0.00000000e+00
 0.00000000e+00 0.00000000e+00] [0.00000000e+000 0.00000000e+000 6.40298188e-173 0.00000000e+000
 0.00000000e+000 1.79411428e-056 0.00000000e+000 7.28048867e-001
 2.07638275e-003 2.23852999e-002 4.61782574e-020 0.00000000e+000
 0.00000000e+000 0.00000000e+000 7.52902424e-002 0.00000000e+000
 0.00000000e+000 1.30926612e-001 3.59727423e-038 0.00000000e+000
 2.37095313e-002 0.00000000e+000 3.78749522e-003 0.00000000e+000
 1.37755692e-002 1.84108563e-092 2.94700229e-080 0.00000000e+000
 0.00000000e+000 0.00000000e+000] [0.00000000e+000 4.99182978e-003 0.00000000e+000 5.24154852e-002
 1.12316170e-001 1.74714042e-002 0.00000000e+000 0.00000000e+000
 1.34265658e-001 9.40602162e-100 0.00000000e+000 2.37113187e-001
 0.00000000e+000 0.00000000e+000 3.18497722e-003 0.00000000e+000
 0.00000000e+000 1.23944811e-002 1.04828425e-001 1.79705872e-001
 0.00000000e+000 0.00000000e+000 0.00000000e+000 0.00000000e+000
 0.00000000e+000 7.98705490e-002 3.24468936e-002 2.15073225e-002
 7.48774468e-003 0.00000000e+000] [1.20203490e-002 0.00000000e+000 0.00000000e+000 0.00000000e+000
 2.61024411e-283 0.00000000e+000 1.02172967e-001 0.00000000e+000
 6.03036457e-255 0.00000000e+000 0.00000000e+000 8.47938635e-073
 0.00000000e+000 4.80813960e-002 0.00000000e+000 0.00000000e+000
 3.12532139e-001 0.00000000e+000 0.00000000e+000 2.97347596e-253
 0.00000000e+000 0.00000000e+000 0.00000000e+000 0.00000000e+000
 0.00000000e+000 0.00000000e+000 3.26872570e-235 5.25193150e-001
 1.46095421e-042 0.00000000e+000]

Model_name : khong
Startprob matrix:
1.0 0.0 0.0 0.0 0.0 0.0 0.0 0.0 0.0 0.0 0.0
Transition Matrix
[0.49507868 0.50492132 0.         0.         0.         0.
 0.         0.         0.         0.         0.        ] [0.         0.58447797 0.41552203 0.         0.         0.
 0.         0.         0.         0.         0.        ] [0.         0.         0.74613689 0.25386311 0.         0.
 0.         0.         0.         0.         0.        ] [0.         0.         0.         0.69775596 0.30224404 0.
 0.         0.         0.         0.         0.        ] [0.         0.         0.         0.         0.61333216 0.38666784
 0.         0.         0.         0.         0.        ] [0.         0.         0.         0.         0.         0.96455439
 0.03544561 0.         0.         0.         0.        ] [0.         0.         0.         0.         0.         0.
 0.97358684 0.02641316 0.         0.         0.        ] [0.         0.         0.         0.         0.         0.
 0.         0.82438187 0.17561813 0.         0.        ] [0.         0.         0.         0.         0.         0.
 0.         0.         0.92180278 0.07819722 0.        ] [0.         0.         0.         0.         0.         0.
 0.         0.         0.         0.92872706 0.07127294] [0. 0. 0. 0. 0. 0. 0. 0. 0. 0. 1.]
EmissionProb Matrix
[7.17957825e-003 1.69503207e-001 0.00000000e+000 1.87134322e-002
 5.18527577e-002 0.00000000e+000 1.56752596e-001 4.78598406e-003
 2.57671638e-002 1.25340116e-002 0.00000000e+000 1.40353169e-002
 4.53350133e-002 5.74318290e-002 2.39299208e-003 0.00000000e+000
 1.44152906e-002 0.00000000e+000 4.78598440e-003 1.87656868e-002
 0.00000000e+000 1.46149538e-002 0.00000000e+000 0.00000000e+000
 1.87231126e-309 5.77770107e-002 7.68892221e-002 1.98666914e-002
 8.72068107e-002 1.39394467e-001] [2.00819313e-003 2.65273064e-001 0.00000000e+000 1.02007803e-002
 1.96790714e-001 1.15090307e-104 1.03102966e-002 0.00000000e+000
 6.12915574e-003 3.13093161e-002 0.00000000e+000 7.33456204e-002
 2.71632131e-002 2.07898998e-040 0.00000000e+000 0.00000000e+000
 5.95252132e-003 0.00000000e+000 0.00000000e+000 3.60806858e-002
 0.00000000e+000 1.35735930e-002 0.00000000e+000 0.00000000e+000
 2.11139592e-108 1.26903937e-002 1.23988930e-002 1.87567909e-002
 2.61215652e-001 1.68011166e-002] [2.40753370e-03 6.14159239e-01 0.00000000e+00 1.53171053e-52
 2.15484807e-02 1.00358558e-02 1.05911487e-02 0.00000000e+00
 1.32531196e-01 1.34921709e-01 0.00000000e+00 8.52609050e-03
 7.22780067e-18 0.00000000e+00 7.56931183e-86 0.00000000e+00
 1.21942845e-03 5.72035502e-57 4.39781855e-70 1.89082154e-02
 0.00000000e+00 4.27058278e-41 0.00000000e+00 0.00000000e+00
 2.40616604e-03 8.63680334e-03 9.89824850e-03 1.46291860e-02
 5.83936790e-03 3.74133082e-03] [1.52522789e-003 7.05707092e-064 0.00000000e+000 1.31261206e-142
 4.42331527e-003 6.15459643e-001 1.26320690e-002 0.00000000e+000
 5.15187241e-002 2.96836258e-002 0.00000000e+000 6.41113833e-058
 1.07416105e-002 2.81526349e-142 6.30273689e-002 0.00000000e+000
 4.55601760e-003 1.07524683e-002 1.70088931e-002 1.46843161e-001
 0.00000000e+000 0.00000000e+000 0.00000000e+000 0.00000000e+000
 3.90046803e-004 3.71530602e-003 3.36146979e-003 2.05624660e-002
 3.74556044e-003 5.30260607e-005] [4.37666778e-003 0.00000000e+000 0.00000000e+000 2.74921428e-002
 1.05374665e-009 2.25532827e-017 1.39984721e-002 0.00000000e+000
 3.68297375e-022 1.19058396e-130 2.58288329e-058 3.77618617e-003
 8.64301967e-003 1.87735219e-003 7.88945981e-071 0.00000000e+000
 7.20010786e-003 7.31621372e-003 7.07688538e-001 1.20010487e-001
 0.00000000e+000 0.00000000e+000 0.00000000e+000 1.86615566e-003
 7.33029017e-003 5.94913093e-002 2.09034694e-035 2.89330567e-002
 1.59140744e-028 5.66519161e-089] [0.00174719 0.00432248 0.         0.36933471 0.05402151 0.0033977
 0.00677243 0.00113248 0.00452992 0.         0.00452992 0.02419034
 0.0475084  0.00056247 0.0056624  0.         0.00238561 0.00258804
 0.01905778 0.0046757  0.00113248 0.00792736 0.         0.00283083
 0.0044151  0.02646583 0.02548036 0.02239008 0.01655239 0.33638649] [2.73896774e-002 1.40273724e-094 0.00000000e+000 1.66806662e-256
 1.48769007e-149 0.00000000e+000 6.68855922e-002 1.76735965e-124
 1.77288603e-115 0.00000000e+000 0.00000000e+000 5.70605958e-004
 3.35852247e-003 1.09262417e-002 0.00000000e+000 0.00000000e+000
 7.62217953e-001 9.54929409e-161 0.00000000e+000 0.00000000e+000
 0.00000000e+000 2.75713865e-122 0.00000000e+000 1.30572443e-135
 3.34374406e-130 9.96337095e-172 4.06682400e-131 1.23598368e-001
 5.05303877e-003 1.04678405e-015] [4.43568193e-002 5.15273584e-003 0.00000000e+000 0.00000000e+000
 7.88129447e-003 0.00000000e+000 5.14976718e-001 0.00000000e+000
 0.00000000e+000 0.00000000e+000 0.00000000e+000 0.00000000e+000
 1.72894101e-233 4.48982155e-003 0.00000000e+000 0.00000000e+000
 2.89811409e-004 0.00000000e+000 0.00000000e+000 0.00000000e+000
 0.00000000e+000 3.47932234e-159 0.00000000e+000 0.00000000e+000
 0.00000000e+000 0.00000000e+000 8.90914874e-294 5.16388739e-002
 3.71213925e-001 1.23971387e-098] [5.82311374e-001 1.37391952e-025 0.00000000e+000 0.00000000e+000
 2.17395753e-003 0.00000000e+000 2.35536451e-002 0.00000000e+000
 0.00000000e+000 0.00000000e+000 0.00000000e+000 0.00000000e+000
 0.00000000e+000 1.00593671e-001 0.00000000e+000 0.00000000e+000
 1.35149128e-001 0.00000000e+000 0.00000000e+000 0.00000000e+000
 0.00000000e+000 0.00000000e+000 0.00000000e+000 0.00000000e+000
 0.00000000e+000 0.00000000e+000 3.67967106e-253 1.57786869e-002
 1.40439538e-001 3.89109899e-205] [0.00000000e+000 3.95995255e-001 4.61878774e-002 0.00000000e+000
 2.25081216e-013 0.00000000e+000 0.00000000e+000 0.00000000e+000
 7.26771308e-003 1.82372833e-002 0.00000000e+000 0.00000000e+000
 0.00000000e+000 0.00000000e+000 0.00000000e+000 2.94858764e-003
 0.00000000e+000 0.00000000e+000 0.00000000e+000 0.00000000e+000
 4.52318423e-130 1.64135550e-002 4.82068061e-004 0.00000000e+000
 5.08820204e-001 0.00000000e+000 3.64745666e-003 0.00000000e+000
 2.27082003e-052 0.00000000e+000] [5.79996488e-003 0.00000000e+000 1.18791263e-002 5.38568167e-002
 2.48569923e-003 3.31426565e-003 4.14283206e-004 3.18998068e-002
 4.20462089e-004 2.47839119e-143 1.48313388e-001 4.97139847e-002
 4.14283206e-004 0.00000000e+000 1.18899280e-001 1.33143666e-001
 1.82284611e-002 1.07713633e-002 1.13513598e-001 1.15999298e-002
 2.12941568e-001 0.00000000e+000 5.27617375e-003 0.00000000e+000
 2.67071818e-150 1.24284962e-003 7.87138091e-003 4.97139847e-002
 6.62853129e-003 1.65713282e-003]

Model_name : nguoi
Startprob matrix:
1.0 0.0 0.0 0.0 0.0 0.0 0.0 0.0 0.0 0.0 0.0
Transition Matrix
[0.88976346 0.11023654 0.         0.         0.         0.
 0.         0.         0.         0.         0.        ] [0.         0.85467956 0.14532044 0.         0.         0.
 0.         0.         0.         0.         0.        ] [0.         0.         0.82502342 0.17497658 0.         0.
 0.         0.         0.         0.         0.        ] [0.         0.         0.         0.75997803 0.24002197 0.
 0.         0.         0.         0.         0.        ] [0.         0.         0.         0.         0.93221115 0.06778885
 0.         0.         0.         0.         0.        ] [0.         0.         0.         0.         0.         0.98080747
 0.01919253 0.         0.         0.         0.        ] [0.        0.        0.        0.        0.        0.        0.9719463
 0.0280537 0.        0.        0.       ] [0.         0.         0.         0.         0.         0.
 0.         0.91447649 0.08552351 0.         0.        ] [0.        0.        0.        0.        0.        0.        0.
 0.        0.8782649 0.1217351 0.       ] [0.         0.         0.         0.         0.         0.
 0.         0.         0.         0.89990467 0.10009533] [0. 0. 0. 0. 0. 0. 0. 0. 0. 0. 1.]
EmissionProb Matrix
[5.17542925e-04 1.03508489e-03 0.00000000e+00 8.52787225e-02
 2.66028510e-01 2.82185302e-08 3.00168835e-02 1.03508489e-03
 1.28185158e-15 0.00000000e+00 0.00000000e+00 2.25167291e-01
 2.83033985e-02 2.07607348e-03 5.17542443e-04 0.00000000e+00
 1.21579371e-02 3.10525466e-03 2.02679954e-03 6.67615804e-02
 0.00000000e+00 0.00000000e+00 0.00000000e+00 0.00000000e+00
 0.00000000e+00 5.71505887e-03 4.45675995e-02 1.31955761e-01
 7.09619781e-02 2.27718675e-02] [1.97841795e-002 0.00000000e+000 0.00000000e+000 2.75697384e-003
 6.63817524e-039 7.85675610e-004 4.59072912e-002 0.00000000e+000
 8.96832429e-004 1.44792829e-292 0.00000000e+000 4.80125360e-093
 1.23726271e-003 5.72278599e-002 3.72354241e-118 0.00000000e+000
 4.90009666e-001 5.17562678e-051 1.12890760e-002 3.57635457e-001
 0.00000000e+000 0.00000000e+000 0.00000000e+000 0.00000000e+000
 0.00000000e+000 5.26453731e-003 1.42418003e-096 7.20518788e-003
 3.26387414e-024 5.75336167e-115] [1.43316244e-036 0.00000000e+000 0.00000000e+000 7.16676976e-060
 2.77054321e-174 4.83449668e-002 1.51399832e-001 2.46455297e-003
 6.65895923e-001 4.10758828e-002 0.00000000e+000 1.88726805e-083
 7.76156598e-004 3.95299873e-003 1.08815832e-003 0.00000000e+000
 2.50127811e-002 1.21537618e-002 3.72731088e-003 1.54462053e-002
 0.00000000e+000 0.00000000e+000 0.00000000e+000 0.00000000e+000
 0.00000000e+000 1.47252906e-002 1.53387561e-003 1.07439685e-002
 1.65833570e-003 0.00000000e+000] [1.28218766e-032 1.10803914e-201 0.00000000e+000 7.93025588e-003
 1.06128494e-002 0.00000000e+000 9.31401366e-003 2.82698822e-030
 7.19896025e-003 6.17227607e-046 0.00000000e+000 9.21604754e-008
 1.63029833e-003 3.28557487e-003 4.32690051e-003 0.00000000e+000
 4.31257383e-002 1.57993739e-001 9.03751131e-034 3.93184498e-002
 0.00000000e+000 0.00000000e+000 0.00000000e+000 0.00000000e+000
 0.00000000e+000 6.92595408e-001 1.06175898e-002 1.20501299e-002
 2.85652984e-044 2.10541177e-081] [4.97325318e-021 1.02820926e-003 0.00000000e+000 7.49487395e-002
 3.48524337e-001 0.00000000e+000 7.59412935e-003 0.00000000e+000
 9.87872452e-065 0.00000000e+000 0.00000000e+000 1.02149418e-001
 6.70071837e-002 5.10512692e-003 1.14951996e-069 0.00000000e+000
 4.65493427e-002 4.04372694e-180 1.16794526e-004 7.80701072e-003
 0.00000000e+000 0.00000000e+000 0.00000000e+000 0.00000000e+000
 0.00000000e+000 3.21705168e-007 4.61700143e-061 5.65475382e-002
 2.16816456e-001 6.58053926e-002] [1.73015595e-001 0.00000000e+000 0.00000000e+000 1.24019619e-002
 5.30392742e-172 0.00000000e+000 2.13592841e-003 4.81165505e-014
 3.14023131e-003 0.00000000e+000 0.00000000e+000 1.55513985e-002
 2.79419377e-145 6.41320584e-001 3.13938446e-002 0.00000000e+000
 8.85782038e-002 0.00000000e+000 1.80990432e-002 1.05119368e-003
 3.15820218e-034 0.00000000e+000 0.00000000e+000 0.00000000e+000
 0.00000000e+000 2.65527695e-131 0.00000000e+000 1.33120155e-002
 3.75053757e-157 1.62432794e-151] [0.00000000e+000 0.00000000e+000 7.45718340e-001 0.00000000e+000
 0.00000000e+000 0.00000000e+000 1.19591636e-311 3.83522271e-003
 0.00000000e+000 0.00000000e+000 7.14094170e-003 0.00000000e+000
 0.00000000e+000 0.00000000e+000 1.08272151e-014 6.22282062e-002
 1.20270001e-291 0.00000000e+000 0.00000000e+000 0.00000000e+000
 1.47447311e-001 0.00000000e+000 3.36299787e-002 0.00000000e+000
 0.00000000e+000 0.00000000e+000 0.00000000e+000 2.26444507e-309
 0.00000000e+000 0.00000000e+000] [0.00000000e+000 0.00000000e+000 6.87749474e-033 0.00000000e+000
 0.00000000e+000 0.00000000e+000 0.00000000e+000 3.81898150e-003
 0.00000000e+000 0.00000000e+000 0.00000000e+000 0.00000000e+000
 0.00000000e+000 0.00000000e+000 0.00000000e+000 4.37301652e-117
 0.00000000e+000 0.00000000e+000 0.00000000e+000 0.00000000e+000
 4.10703381e-003 0.00000000e+000 9.92073985e-001 0.00000000e+000
 0.00000000e+000 0.00000000e+000 0.00000000e+000 0.00000000e+000
 0.00000000e+000 0.00000000e+000] [0.00000000e+00 0.00000000e+00 0.00000000e+00 0.00000000e+00
 0.00000000e+00 0.00000000e+00 0.00000000e+00 9.12321549e-01
 0.00000000e+00 0.00000000e+00 0.00000000e+00 0.00000000e+00
 0.00000000e+00 0.00000000e+00 2.43313422e-14 0.00000000e+00
 0.00000000e+00 7.34427978e-43 0.00000000e+00 0.00000000e+00
 7.38086670e-02 0.00000000e+00 1.38697837e-02 0.00000000e+00
 0.00000000e+00 0.00000000e+00 1.70638027e-87 0.00000000e+00
 0.00000000e+00 0.00000000e+00] [0.00000000e+000 0.00000000e+000 0.00000000e+000 6.83786854e-320
 0.00000000e+000 1.65688181e-002 0.00000000e+000 1.65115317e-002
 2.13016034e-002 0.00000000e+000 0.00000000e+000 0.00000000e+000
 0.00000000e+000 0.00000000e+000 2.10899361e-001 0.00000000e+000
 0.00000000e+000 3.08055247e-001 3.58089441e-001 3.17664259e-070
 1.73334895e-076 0.00000000e+000 0.00000000e+000 0.00000000e+000
 0.00000000e+000 3.41923074e-002 3.43816904e-002 0.00000000e+000
 0.00000000e+000 0.00000000e+000] [0.00000000e+000 0.00000000e+000 0.00000000e+000 1.55216754e-001
 2.16124594e-002 1.98033365e-003 5.89430710e-003 2.76333558e-199
 1.98574475e-003 0.00000000e+000 0.00000000e+000 2.41666591e-001
 0.00000000e+000 0.00000000e+000 2.24205888e-123 0.00000000e+000
 1.15921373e-001 2.17914838e-039 7.63402847e-003 1.94512134e-001
 0.00000000e+000 0.00000000e+000 0.00000000e+000 0.00000000e+000
 0.00000000e+000 5.05096958e-003 4.89394517e-003 2.43631360e-001
 0.00000000e+000 0.00000000e+000]

Model_name : trong
Startprob matrix:
1.0 0.0 0.0 0.0 0.0 0.0 0.0 0.0 0.0 0.0 0.0
Transition Matrix
[0.5918298 0.4081702 0.        0.        0.        0.        0.
 0.        0.        0.        0.       ] [0.        0.6377042 0.3622958 0.        0.        0.        0.
 0.        0.        0.        0.       ] [0.        0.        0.0029468 0.9970532 0.        0.        0.
 0.        0.        0.        0.       ] [0.         0.         0.         0.52057642 0.47942358 0.
 0.         0.         0.         0.         0.        ] [0.         0.         0.         0.         0.36419097 0.63580903
 0.         0.         0.         0.         0.        ] [0.         0.         0.         0.         0.         0.60150482
 0.39849518 0.         0.         0.         0.        ] [0.         0.         0.         0.         0.         0.
 0.54964768 0.45035232 0.         0.         0.        ] [0.         0.         0.         0.         0.         0.
 0.         0.65619617 0.34380383 0.         0.        ] [0.        0.        0.        0.        0.        0.        0.
 0.        0.8139506 0.1860494 0.       ] [0.         0.         0.         0.         0.         0.
 0.         0.         0.         0.95236946 0.04763054] [0. 0. 0. 0. 0. 0. 0. 0. 0. 0. 1.]
EmissionProb Matrix
[5.06777589e-002 6.96300435e-003 0.00000000e+000 9.26668271e-003
 3.10458591e-002 3.71063815e-003 2.36201823e-001 9.45263563e-027
 2.09178589e-003 0.00000000e+000 0.00000000e+000 1.70028079e-002
 7.11135441e-002 9.93615806e-002 9.69176880e-003 0.00000000e+000
 7.75216141e-002 1.59625966e-060 2.55927111e-002 1.04923307e-002
 0.00000000e+000 3.85791551e-003 0.00000000e+000 0.00000000e+000
 3.76241722e-105 1.86451431e-003 1.97579427e-002 4.90391661e-002
 2.29401792e-001 4.53447606e-002] [2.87697802e-03 8.00539517e-02 0.00000000e+00 4.94919649e-03
 7.33366719e-02 2.95359559e-28 1.72458552e-02 1.65225036e-03
 8.51851636e-03 0.00000000e+00 0.00000000e+00 2.12166419e-01
 1.97516125e-01 2.30726044e-03 4.70584971e-03 0.00000000e+00
 4.05152566e-03 3.29359819e-03 9.35029771e-03 5.51094826e-03
 0.00000000e+00 4.29531795e-02 0.00000000e+00 0.00000000e+00
 1.64679909e-03 2.32932633e-03 3.04113554e-02 2.20376164e-01
 4.91898536e-02 2.55578781e-02] [4.55235652e-003 4.83745754e-002 0.00000000e+000 5.35023940e-024
 1.46827574e-002 4.70854588e-275 9.78231963e-003 4.51706034e-003
 1.70019127e-002 6.09290607e-130 0.00000000e+000 1.40764654e-030
 2.67303653e-001 4.72587071e-003 4.25218279e-003 0.00000000e+000
 1.75802414e-002 2.05696841e-015 1.14566363e-002 9.03039530e-020
 0.00000000e+000 4.91318271e-001 0.00000000e+000 0.00000000e+000
 0.00000000e+000 1.22074989e-002 6.88259768e-002 1.66616643e-002
 6.75702263e-003 4.62644158e-024] [5.86937828e-02 1.03831292e-02 0.00000000e+00 4.60572672e-53
 1.83415105e-02 8.57976043e-62 6.43387197e-03 3.12295184e-75
 1.24897126e-02 9.99188192e-46 0.00000000e+00 2.39976960e-18
 1.14722019e-01 2.18180311e-03 2.92115817e-03 0.00000000e+00
 8.40756718e-03 3.31297749e-34 3.01592048e-47 4.48085452e-03
 0.00000000e+00 7.00254005e-01 0.00000000e+00 2.90651762e-32
 1.28331386e-35 5.18138451e-03 4.01080922e-02 3.82264129e-03
 8.11923606e-03 3.45923163e-03] [7.49543630e-23 2.89796576e-01 0.00000000e+00 2.89153651e-03
 1.36763586e-01 7.49280122e-03 5.44316254e-03 8.67012155e-03
 9.36070079e-02 4.54728007e-03 6.51952943e-38 6.72417313e-82
 5.60413529e-14 0.00000000e+00 7.34756171e-03 0.00000000e+00
 1.40149195e-20 4.31515817e-02 1.48909461e-02 8.60835573e-03
 5.08543810e-24 3.20582761e-02 0.00000000e+00 6.06908619e-02
 9.24813134e-02 9.43569899e-02 3.89858037e-02 2.43459484e-02
 2.67825469e-02 7.08774217e-03] [4.85780045e-305 3.49183159e-003 0.00000000e+000 1.83007534e-003
 1.04531984e-002 7.34382312e-002 9.08246988e-003 1.51209922e-020
 2.44895735e-001 1.73329383e-001 2.36127318e-002 9.58289437e-052
 8.04378115e-058 0.00000000e+000 2.25264285e-001 0.00000000e+000
 2.00119620e-003 6.36978305e-002 2.33828371e-002 7.90643243e-002
 1.45309119e-002 2.94943878e-063 0.00000000e+000 0.00000000e+000
 1.22378330e-038 2.88669354e-002 1.33563968e-002 9.70162608e-003
 6.82864164e-059 8.19080909e-020] [0.00000000e+000 4.08490451e-128 0.00000000e+000 6.37018301e-003
 2.41228192e-084 8.36985930e-001 2.53481773e-003 0.00000000e+000
 9.78413727e-010 1.25134962e-042 0.00000000e+000 2.25915186e-003
 7.74958178e-070 0.00000000e+000 1.87162134e-002 0.00000000e+000
 4.91179856e-003 4.50818930e-198 5.65849732e-002 4.67368206e-002
 3.73771208e-114 0.00000000e+000 0.00000000e+000 0.00000000e+000
 0.00000000e+000 4.05658231e-003 5.05025021e-003 1.57932785e-002
 1.11717877e-131 0.00000000e+000] [7.19736746e-306 0.00000000e+000 0.00000000e+000 2.57564331e-002
 2.21371102e-020 2.94441626e-013 3.00188972e-003 1.64008714e-003
 2.55122751e-034 0.00000000e+000 0.00000000e+000 3.53001979e-003
 5.80605718e-104 0.00000000e+000 4.54968996e-056 0.00000000e+000
 6.58833501e-003 1.10892740e-175 7.50546965e-001 2.01608347e-001
 0.00000000e+000 0.00000000e+000 0.00000000e+000 0.00000000e+000
 0.00000000e+000 2.39391350e-045 8.28349823e-022 7.32792273e-003
 1.08271839e-227 7.57628818e-167] [6.03125185e-072 7.36301781e-250 0.00000000e+000 8.46818005e-001
 2.53432661e-002 2.30661775e-253 5.96075942e-034 1.68932639e-016
 1.29432633e-162 0.00000000e+000 0.00000000e+000 4.76746511e-002
 3.84353448e-015 0.00000000e+000 0.00000000e+000 0.00000000e+000
 1.05841595e-002 1.13530593e-003 5.56489868e-003 2.60898172e-002
 0.00000000e+000 0.00000000e+000 0.00000000e+000 0.00000000e+000
 0.00000000e+000 2.34742786e-003 3.30137990e-002 1.42866935e-003
 3.28077214e-079 1.08580042e-019] [4.20132211e-009 2.52459701e-003 0.00000000e+000 7.88721716e-003
 1.11937663e-001 1.04802497e-003 1.38294652e-002 1.19567521e-112
 2.52459701e-003 0.00000000e+000 0.00000000e+000 2.97590240e-001
 4.51339371e-002 7.58501405e-004 0.00000000e+000 0.00000000e+000
 1.06523762e-001 1.10096856e-020 1.74556258e-004 8.65900375e-003
 0.00000000e+000 5.96602690e-054 0.00000000e+000 0.00000000e+000
 0.00000000e+000 2.43941911e-003 1.37880123e-002 2.41278162e-001
 4.67058530e-002 9.71969848e-002] [4.46528149e-001 1.39866037e-083 4.74189186e-003 6.35448028e-003
 2.63810383e-004 4.25973332e-003 7.43074821e-003 1.47525525e-002
 1.60975913e-083 7.90315310e-004 7.19186932e-002 2.63705473e-003
 8.52247588e-003 1.11695555e-002 7.66605851e-002 8.21927922e-002
 6.79861513e-003 7.90338590e-004 2.18290558e-002 2.63861852e-004
 1.60960885e-001 1.42256756e-002 1.84406906e-003 5.24242489e-002
 1.31719218e-003 5.93445876e-182 1.19916074e-102 1.32322028e-003
 2.08284071e-087 3.12668630e-111]

Model_name : vietnam
Startprob matrix:
1.0 0.0 0.0 0.0 0.0 0.0 0.0 0.0 0.0 0.0 0.0 0.0 0.0 0.0 0.0 0.0 0.0 0.0 0.0 0.0 0.0 0.0 0.0 0.0
Transition Matrix
[0.86833408 0.13166592 0.         0.         0.         0.
 0.         0.         0.         0.         0.         0.
 0.         0.         0.         0.         0.         0.
 0.         0.         0.         0.         0.         0.        ] [0.         0.80508924 0.19491076 0.         0.         0.
 0.         0.         0.         0.         0.         0.
 0.         0.         0.         0.         0.         0.
 0.         0.         0.         0.         0.         0.        ] [0.         0.         0.75357565 0.24642435 0.         0.
 0.         0.         0.         0.         0.         0.
 0.         0.         0.         0.         0.         0.
 0.         0.         0.         0.         0.         0.        ] [0.         0.         0.         0.39944833 0.60055167 0.
 0.         0.         0.         0.         0.         0.
 0.         0.         0.         0.         0.         0.
 0.         0.         0.         0.         0.         0.        ] [0.         0.         0.         0.         0.68665351 0.31334649
 0.         0.         0.         0.         0.         0.
 0.         0.         0.         0.         0.         0.
 0.         0.         0.         0.         0.         0.        ] [0.         0.         0.         0.         0.         0.42318076
 0.57681924 0.         0.         0.         0.         0.
 0.         0.         0.         0.         0.         0.
 0.         0.         0.         0.         0.         0.        ] [0.         0.         0.         0.         0.         0.
 0.51046377 0.48953623 0.         0.         0.         0.
 0.         0.         0.         0.         0.         0.
 0.         0.         0.         0.         0.         0.        ] [0.00000000e+00 0.00000000e+00 0.00000000e+00 0.00000000e+00
 0.00000000e+00 0.00000000e+00 0.00000000e+00 2.13380829e-10
 1.00000000e+00 0.00000000e+00 0.00000000e+00 0.00000000e+00
 0.00000000e+00 0.00000000e+00 0.00000000e+00 0.00000000e+00
 0.00000000e+00 0.00000000e+00 0.00000000e+00 0.00000000e+00
 0.00000000e+00 0.00000000e+00 0.00000000e+00 0.00000000e+00] [0.         0.         0.         0.         0.         0.
 0.         0.         0.72322655 0.27677345 0.         0.
 0.         0.         0.         0.         0.         0.
 0.         0.         0.         0.         0.         0.        ] [0.         0.         0.         0.         0.         0.
 0.         0.         0.         0.63005309 0.36994691 0.
 0.         0.         0.         0.         0.         0.
 0.         0.         0.         0.         0.         0.        ] [0.         0.         0.         0.         0.         0.
 0.         0.         0.         0.         0.79948765 0.20051235
 0.         0.         0.         0.         0.         0.
 0.         0.         0.         0.         0.         0.        ] [0.         0.         0.         0.         0.         0.
 0.         0.         0.         0.         0.         0.66508459
 0.33491541 0.         0.         0.         0.         0.
 0.         0.         0.         0.         0.         0.        ] [0.00000000e+00 0.00000000e+00 0.00000000e+00 0.00000000e+00
 0.00000000e+00 0.00000000e+00 0.00000000e+00 0.00000000e+00
 0.00000000e+00 0.00000000e+00 0.00000000e+00 0.00000000e+00
 1.17727889e-19 1.00000000e+00 0.00000000e+00 0.00000000e+00
 0.00000000e+00 0.00000000e+00 0.00000000e+00 0.00000000e+00
 0.00000000e+00 0.00000000e+00 0.00000000e+00 0.00000000e+00] [0.         0.         0.         0.         0.         0.
 0.         0.         0.         0.         0.         0.
 0.         0.77502621 0.22497379 0.         0.         0.
 0.         0.         0.         0.         0.         0.        ] [0.         0.         0.         0.         0.         0.
 0.         0.         0.         0.         0.         0.
 0.         0.         0.62499399 0.37500601 0.         0.
 0.         0.         0.         0.         0.         0.        ] [0.        0.        0.        0.        0.        0.        0.
 0.        0.        0.        0.        0.        0.        0.
 0.        0.6561137 0.3438863 0.        0.        0.        0.
 0.        0.        0.       ] [0.         0.         0.         0.         0.         0.
 0.         0.         0.         0.         0.         0.
 0.         0.         0.         0.         0.69653276 0.30346724
 0.         0.         0.         0.         0.         0.        ] [0.        0.        0.        0.        0.        0.        0.
 0.        0.        0.        0.        0.        0.        0.
 0.        0.        0.        0.5999464 0.4000536 0.        0.
 0.        0.        0.       ] [0.         0.         0.         0.         0.         0.
 0.         0.         0.         0.         0.         0.
 0.         0.         0.         0.         0.         0.
 0.84260898 0.15739102 0.         0.         0.         0.        ] [0.         0.         0.         0.         0.         0.
 0.         0.         0.         0.         0.         0.
 0.         0.         0.         0.         0.         0.
 0.         0.85639634 0.14360366 0.         0.         0.        ] [0.         0.         0.         0.         0.         0.
 0.         0.         0.         0.         0.         0.
 0.         0.         0.         0.         0.         0.
 0.         0.         0.98345042 0.01654958 0.         0.        ] [0.         0.         0.         0.         0.         0.
 0.         0.         0.         0.         0.         0.
 0.         0.         0.         0.         0.         0.
 0.         0.         0.         0.91310362 0.08689638 0.        ] [0.         0.         0.         0.         0.         0.
 0.         0.         0.         0.         0.         0.
 0.         0.         0.         0.         0.         0.
 0.         0.         0.         0.         0.97152755 0.02847245] [0. 0. 0. 0. 0. 0. 0. 0. 0. 0. 0. 0. 0. 0. 0. 0. 0. 0. 0. 0. 0. 0. 0. 1.]
EmissionProb Matrix
[0.00000000e+000 4.44756501e-111 1.18003449e-003 8.41378704e-002
 3.82200792e-001 1.90532195e-002 6.77741380e-003 3.51668246e-003
 5.01769592e-002 8.85036800e-003 6.54958929e-136 2.27809348e-002
 9.74688564e-003 1.83896731e-003 5.96950965e-003 5.90017247e-004
 0.00000000e+000 1.75601636e-002 4.98216049e-002 1.57496321e-001
 1.07179124e-002 1.18038574e-243 5.90017248e-004 0.00000000e+000
 1.18004692e-003 9.89867190e-002 2.89429555e-002 1.84000464e-003
 2.47936094e-002 1.12509909e-002] [1.80356016e-087 1.77308046e-002 2.15043707e-052 4.59566367e-003
 7.72505069e-002 1.50118562e-138 5.73068493e-002 3.58477208e-003
 1.70353459e-003 2.82186360e-060 8.87350995e-004 1.23490671e-001
 1.94413307e-002 5.49121167e-002 8.98643438e-003 0.00000000e+000
 1.59723179e-002 9.09388809e-004 8.23126908e-055 4.08490471e-003
 3.40690396e-003 1.35551006e-003 0.00000000e+000 0.00000000e+000
 2.92139319e-272 8.78684675e-003 2.58062614e-017 8.49616717e-002
 3.97658107e-001 1.12974314e-001] [4.49950296e-003 1.14806370e-001 0.00000000e+000 3.87113384e-002
 9.66002071e-002 4.37408347e-087 4.34114825e-001 2.88480329e-045
 1.00302538e-002 8.88689390e-003 1.04294411e-018 1.37438367e-002
 5.07402775e-002 3.73094824e-129 1.64565065e-002 0.00000000e+000
 5.45892725e-078 2.55923108e-003 4.75966336e-003 2.47316977e-002
 2.11168543e-038 2.50709866e-002 0.00000000e+000 0.00000000e+000
 5.18588861e-003 2.61959481e-002 1.00213552e-035 3.16471197e-002
 6.05574044e-002 3.07020492e-002] [6.96164081e-100 5.38182340e-003 0.00000000e+000 1.46771882e-002
 4.01560651e-005 7.13376797e-003 2.75841704e-003 5.62759983e-074
 4.65353358e-002 1.35695847e-002 2.74167844e-003 1.94221035e-031
 9.52973005e-003 0.00000000e+000 3.16919531e-002 0.00000000e+000
 0.00000000e+000 3.77553382e-002 1.38457391e-001 1.52761730e-026
 9.04075239e-057 2.51812885e-002 8.67276736e-098 2.74167844e-003
 1.47770737e-002 6.16078832e-001 1.26406167e-002 5.94655978e-092
 6.32910869e-075 1.83081474e-002] [0.00000000e+000 4.56756155e-199 1.10461981e-061 1.05719443e-081
 3.80124693e-126 2.50468408e-003 1.43559175e-003 9.09770706e-002
 1.52476031e-002 7.36761244e-003 0.00000000e+000 2.86715050e-003
 2.61123847e-103 0.00000000e+000 5.05876722e-002 1.45958065e-003
 0.00000000e+000 6.28128042e-001 3.29802015e-002 3.71621223e-043
 3.22113274e-002 2.30513484e-121 2.72165206e-003 7.03844673e-026
 5.83994423e-072 1.27309329e-001 9.60349521e-004 0.00000000e+000
 0.00000000e+000 3.24213289e-003] [1.88799069e-080 2.62248616e-003 2.99657741e-002 7.44892816e-018
 4.12522264e-003 1.51054409e-003 4.73715988e-088 1.07542278e-002
 4.91762799e-002 1.81813894e-118 2.63850686e-003 1.02788288e-100
 8.18096321e-021 0.00000000e+000 8.45734325e-003 7.86204124e-003
 1.21433557e-130 9.01530883e-002 1.03343859e-001 4.87982998e-002
 1.03008712e-002 5.51238952e-213 8.73281608e-002 0.00000000e+000
 0.00000000e+000 5.10239577e-001 7.10864369e-003 2.75635354e-003
 2.86966043e-193 2.28587202e-002] [2.93944810e-003 9.20465696e-117 1.18349783e-002 2.89126951e-001
 3.85159370e-001 1.77831481e-003 9.11387531e-194 3.00095733e-003
 3.91180589e-056 2.62412910e-109 1.12143046e-039 1.13409966e-002
 4.48518103e-003 3.10999871e-091 1.94406754e-017 0.00000000e+000
 4.79186877e-003 2.97852643e-025 2.87396776e-002 2.66815943e-002
 8.92316380e-003 5.35599394e-071 7.15040674e-038 0.00000000e+000
 0.00000000e+000 5.62672494e-002 6.39934527e-018 1.08982175e-002
 1.08410126e-003 1.52947931e-001] [1.01021523e-002 0.00000000e+000 2.70509863e-002 1.04835491e-001
 1.33554190e-001 2.61792145e-317 8.51945504e-004 9.57589552e-102
 3.98659800e-039 3.80587564e-080 0.00000000e+000 3.90768429e-002
 9.82449537e-320 3.80262603e-003 1.41586254e-002 0.00000000e+000
 3.43138638e-002 1.01133272e-136 4.99919511e-002 3.43592967e-005
 5.11217917e-003 9.25943893e-003 0.00000000e+000 0.00000000e+000
 0.00000000e+000 2.91732577e-002 2.46863477e-070 6.42401207e-002
 2.94990289e-002 4.44942940e-001] [1.79630306e-002 2.24711821e-254 6.77520743e-003 3.19820731e-002
 2.33262275e-002 0.00000000e+000 9.35571585e-002 1.48282044e-038
 2.37328451e-003 6.99194580e-122 0.00000000e+000 1.70196789e-002
 1.28486274e-003 1.17938403e-002 1.31498662e-003 0.00000000e+000
 1.81418898e-002 2.90672552e-003 1.58651271e-002 3.91539477e-003
 4.04772758e-003 6.66875013e-091 7.93833773e-099 0.00000000e+000
 2.10131515e-074 3.14597462e-003 7.60528051e-135 5.57272748e-002
 1.11974568e-001 5.76884968e-001] [9.56423458e-003 3.66373428e-063 6.53537732e-003 1.62333406e-001
 1.09423037e-001 2.85990954e-189 4.88126897e-009 2.76199451e-003
 3.47168414e-003 2.47117251e-003 0.00000000e+000 2.26916202e-001
 7.91227554e-023 1.82271513e-129 8.79983243e-086 1.61094545e-207
 1.26967963e-002 3.80085905e-003 2.27683088e-002 1.37616601e-029
 7.64139637e-003 3.48118242e-003 1.44030366e-046 0.00000000e+000
 5.18294353e-003 1.17205600e-002 4.64889860e-119 2.31306102e-001
 3.87628881e-006 1.77920863e-001] [9.57225935e-109 2.46741042e-003 4.36583291e-002 4.18027042e-002
 3.36485563e-002 5.05054407e-003 1.09997606e-270 1.62438840e-002
 1.67096167e-002 3.29316116e-003 9.80803910e-002 6.81502181e-003
 1.96205050e-003 0.00000000e+000 1.82498879e-001 9.22165858e-002
 6.96497676e-056 1.03702920e-002 1.68622773e-001 9.34730332e-002
 1.23917599e-001 9.67420850e-004 9.80969324e-004 0.00000000e+000
 1.56480114e-064 4.35709469e-002 4.90897421e-003 5.76232309e-024
 1.40717634e-072 8.74085735e-003] [0.00000000e+000 4.16830046e-003 4.03923053e-229 1.59818951e-055
 3.41571642e-003 2.78884053e-002 0.00000000e+000 5.17373916e-002
 7.17779121e-001 4.69788948e-002 5.07066240e-003 7.31655233e-194
 9.54251814e-052 0.00000000e+000 3.01682013e-002 0.00000000e+000
 0.00000000e+000 9.37557687e-002 2.00514349e-003 3.37502802e-003
 1.19799000e-002 2.90369153e-133 0.00000000e+000 0.00000000e+000
 2.17958753e-068 3.05689989e-020 1.42749034e-021 0.00000000e+000
 1.67746665e-003 1.75746446e-157] [0.00000000e+000 1.18104751e-116 0.00000000e+000 1.31881310e-068
 2.32659689e-148 1.01072899e-001 0.00000000e+000 2.38892150e-017
 3.65144672e-001 3.78777914e-001 2.43191389e-227 0.00000000e+000
 0.00000000e+000 0.00000000e+000 9.50106872e-002 0.00000000e+000
 0.00000000e+000 3.97071124e-066 5.13336640e-003 5.85509796e-038
 2.18760750e-002 0.00000000e+000 0.00000000e+000 0.00000000e+000
 2.69094937e-002 5.34005222e-009 6.07488721e-003 0.00000000e+000
 0.00000000e+000 0.00000000e+000] [0.00000000e+000 2.12231387e-086 0.00000000e+000 2.36538854e-262
 0.00000000e+000 2.10487957e-002 0.00000000e+000 0.00000000e+000
 8.16457308e-002 7.63301980e-001 0.00000000e+000 0.00000000e+000
 0.00000000e+000 0.00000000e+000 4.01070095e-002 0.00000000e+000
 0.00000000e+000 9.59173438e-159 1.20883456e-003 1.07500807e-014
 8.29534391e-003 0.00000000e+000 0.00000000e+000 0.00000000e+000
 7.76760791e-002 4.37001936e-003 2.34620677e-003 0.00000000e+000
 0.00000000e+000 0.00000000e+000] [0.00000000e+000 3.33910963e-003 0.00000000e+000 2.41471057e-034
 0.00000000e+000 7.18108436e-001 0.00000000e+000 0.00000000e+000
 2.29231409e-001 1.07207112e-002 3.40775478e-043 0.00000000e+000
 0.00000000e+000 0.00000000e+000 2.87770528e-002 0.00000000e+000
 0.00000000e+000 1.16282059e-305 5.47817048e-003 5.78572193e-009
 0.00000000e+000 0.00000000e+000 0.00000000e+000 0.00000000e+000
 4.93038668e-026 4.34438802e-003 7.17073545e-007 0.00000000e+000
 0.00000000e+000 0.00000000e+000] [0.00000000e+000 6.46823831e-003 0.00000000e+000 4.05731120e-002
 1.88295046e-049 5.06649363e-002 0.00000000e+000 0.00000000e+000
 1.26266174e-002 2.89086574e-175 3.91774230e-003 5.44685898e-025
 0.00000000e+000 0.00000000e+000 1.83213133e-097 0.00000000e+000
 0.00000000e+000 0.00000000e+000 2.15193881e-001 6.32984287e-001
 0.00000000e+000 0.00000000e+000 0.00000000e+000 0.00000000e+000
 3.39725383e-003 1.19509613e-002 2.22229705e-002 0.00000000e+000
 0.00000000e+000 2.90653828e-061] [0.00000000e+000 6.04933075e-052 0.00000000e+000 3.47375163e-001
 5.13312419e-001 1.66959644e-088 0.00000000e+000 0.00000000e+000
 6.06072409e-212 4.00818738e-003 0.00000000e+000 6.09382646e-002
 5.27073877e-040 0.00000000e+000 2.44820778e-048 0.00000000e+000
 0.00000000e+000 0.00000000e+000 5.74408979e-003 3.40715631e-002
 2.07380988e-003 0.00000000e+000 0.00000000e+000 0.00000000e+000
 3.15382721e-054 2.11203231e-003 1.93734946e-002 2.69022125e-177
 3.42696283e-069 1.09909763e-002] [0.00000000e+000 1.36633373e-031 0.00000000e+000 2.63787603e-005
 2.63106809e-001 1.26230114e-233 0.00000000e+000 0.00000000e+000
 4.68136398e-125 2.20717425e-161 0.00000000e+000 6.30297275e-001
 1.63622868e-013 0.00000000e+000 1.21342776e-002 0.00000000e+000
 0.00000000e+000 0.00000000e+000 1.18843003e-100 5.65841299e-003
 0.00000000e+000 0.00000000e+000 0.00000000e+000 0.00000000e+000
 0.00000000e+000 3.39654677e-015 1.79012521e-002 2.37227251e-002
 1.29516615e-003 4.58577035e-002] [2.65599617e-152 1.43582220e-003 0.00000000e+000 1.06240231e-058
 1.04322012e-001 4.08346076e-148 1.03682232e-019 0.00000000e+000
 1.09391654e-070 4.48058691e-176 0.00000000e+000 1.61785639e-002
 1.24914664e-001 7.79033211e-131 6.43194165e-263 0.00000000e+000
 8.85549612e-054 0.00000000e+000 0.00000000e+000 7.49531012e-003
 0.00000000e+000 1.93938493e-003 0.00000000e+000 0.00000000e+000
 0.00000000e+000 6.97172804e-003 7.75076269e-003 2.69689561e-001
 2.14771292e-001 2.44530898e-001] [3.48859754e-02 6.38570140e-02 0.00000000e+00 1.32873894e-02
 9.31274361e-02 3.49539935e-02 1.37645128e-01 0.00000000e+00
 1.16224470e-01 3.49539906e-02 0.00000000e+00 5.18678300e-03
 9.05503179e-03 2.18095261e-02 0.00000000e+00 0.00000000e+00
 8.04342320e-02 1.39218823e-02 0.00000000e+00 7.37080369e-02
 0.00000000e+00 2.15518418e-52 0.00000000e+00 0.00000000e+00
 6.99079957e-03 8.53925129e-02 2.89715099e-02 4.88317712e-02
 9.67625171e-02 1.73291894e-25] [1.49473886e-003 7.40410214e-004 0.00000000e+000 2.36846649e-003
 9.38286719e-001 1.62391828e-228 2.99572036e-003 0.00000000e+000
 1.48757931e-003 1.52922871e-243 0.00000000e+000 1.39516662e-162
 8.17128827e-176 1.01112823e-068 1.48033631e-003 0.00000000e+000
 3.73907613e-003 7.52812877e-004 1.48033631e-003 2.25661793e-002
 0.00000000e+000 0.00000000e+000 0.00000000e+000 0.00000000e+000
 1.84930338e-208 8.11277829e-003 1.52772605e-003 1.73293375e-003
 1.04905311e-002 7.43655831e-004] [7.29326782e-076 8.40453298e-044 0.00000000e+000 0.00000000e+000
 3.65551997e-064 0.00000000e+000 6.34063849e-002 0.00000000e+000
 0.00000000e+000 0.00000000e+000 0.00000000e+000 0.00000000e+000
 5.56017041e-121 8.75112960e-001 0.00000000e+000 0.00000000e+000
 5.19698360e-003 0.00000000e+000 0.00000000e+000 4.00817454e-271
 0.00000000e+000 0.00000000e+000 0.00000000e+000 0.00000000e+000
 0.00000000e+000 0.00000000e+000 0.00000000e+000 5.86183671e-003
 5.04218351e-002 2.57588403e-106] [0.00000000e+000 7.83391729e-003 0.00000000e+000 0.00000000e+000
 6.91917984e-099 0.00000000e+000 9.35643774e-001 0.00000000e+000
 0.00000000e+000 0.00000000e+000 0.00000000e+000 0.00000000e+000
 3.93582950e-003 6.79269796e-220 0.00000000e+000 0.00000000e+000
 7.76431514e-269 0.00000000e+000 0.00000000e+000 0.00000000e+000
 0.00000000e+000 7.87151519e-003 0.00000000e+000 0.00000000e+000
 0.00000000e+000 7.87151519e-003 0.00000000e+000 3.99552329e-003
 3.28479252e-002 0.00000000e+000] [0.00000000e+000 3.26865018e-051 0.00000000e+000 2.89939740e-003
 1.70858510e-001 0.00000000e+000 2.14965329e-002 0.00000000e+000
 0.00000000e+000 0.00000000e+000 0.00000000e+000 0.00000000e+000
 0.00000000e+000 0.00000000e+000 0.00000000e+000 0.00000000e+000
 0.00000000e+000 0.00000000e+000 0.00000000e+000 0.00000000e+000
 0.00000000e+000 0.00000000e+000 0.00000000e+000 0.00000000e+000
 0.00000000e+000 1.62335866e-224 0.00000000e+000 2.92066013e-202
 8.01846163e-001 2.89939740e-003]

